
Element["" "" "" "" 112992 182283 0 0 0 100 ""]
(
	Pad[0 -35826 0 0 2169 2000 4169 "" "1" "edge2"]
	Pad[8268 -35826 8268 0 2169 2000 4169 "" "2" "edge2"]
	Pad[8268 -35826 90945 -35826 2169 2000 4169 "" "3" "edge2"]
	Pad[-82677 -35826 0 -35826 2169 2000 4169 "" "4" ""]
	Pad[90945 -41732 90945 -35826 2169 2000 4169 "" "5" ""]
	Pad[-80709 -41732 60630 -41732 2169 2000 4169 "" "6" ""]
	Pad[-82677 -41732 -82677 -35826 2169 2000 4169 "" "7" ""]
	Pad[-82677 -41732 -80315 -41732 2169 2000 4169 "" "8" ""]
	Pad[60630 -41732 90945 -41732 2169 2000 4169 "" "9" "edge2"]
	ElementLine [-82283 -12204 90945 -12204 595]
	ElementLine [-87401 -42913 -87401 -34645 595]
	ElementLine [90945 -53937 -82677 -53937 595]
	ElementLine [-82677 -53937 -83464 -53937 595]
	ElementLine [95669 -35826 95669 -41732 595]
	ElementLine [95669 -41732 95669 -42913 595]
	ElementLine [95669 -35826 95669 -34645 595]
	ElementLine [90945 -12204 95669 -12204 595]
	ElementLine [90945 -53937 95669 -53937 595]
	ElementLine [-83464 -53937 -87401 -53937 595]
	ElementLine [-82283 -12204 -87401 -12204 595]

	)
