
Element["" "" "" "" 695000 381000 0 0 0 100 ""]
(
	Pin[0 0 6000 3000 6600 3800 "" "1" ""]
	Pin[10000 0 6000 3000 6600 3800 "" "2" ""]
	Pin[20000 0 6000 3000 6600 3800 "" "3" ""]
	Pin[30000 0 6000 3000 6600 3800 "" "4" ""]
	ElementLine [-9000 -6000 39000 -6000 1000]
	ElementLine [39000 -6000 39000 -67000 1000]
	ElementLine [39000 -67000 -9000 -67000 1000]
	ElementLine [-9000 -67000 -9000 -6000 1000]
	ElementLine [-5000 5000 35000 5000 1000]
	ElementLine [35000 -5000 35000 5000 1000]
	ElementLine [-5000 -5000 35000 -5000 1000]
	ElementLine [-5000 -5000 -5000 5000 1000]
	ElementLine [5000 -5000 5000 5000 1000]
	ElementLine [-5000 -5000 5000 -5000 1000]

	)
