
Element["" "" "" "" 459500 46500 0 0 0 100 ""]
(
	Pin[19500 -500 11000 3000 14000 4800 "" "1" "square,edge2"]
	Pin[100 -500 11000 3000 14000 4800 "" "2" "edge2"]
	ElementLine [-10000 18000 29500 18000 1000]
	ElementLine [100 18000 100 16000 1000]
	ElementLine [19500 18000 19500 16000 1000]
	ElementLine [27600 -15000 29600 -15000 1000]
	ElementLine [27600 -17000 27600 -15000 1000]
	ElementLine [29600 -17000 27600 -17000 1000]
	ElementLine [29600 -18000 29600 18000 1000]
	ElementLine [-9900 -17000 -11900 -17000 1000]
	ElementLine [-10000 -18000 29500 -18000 1000]
	ElementLine [-11900 -15000 -9900 -15000 1000]
	ElementLine [-11900 -17000 -11900 -15000 1000]
	ElementLine [-9900 18000 -9900 -18000 1000]

	)
