
Element["" "" "" "" 423500 30000 0 0 0 100 ""]
(
	Pin[-19500 0 11000 3000 14000 4800 "" "2" "edge2"]
	Pin[0 0 11000 3000 14000 4800 "" "1" "square,edge2"]
	Pin[-38800 0 11000 3000 14000 4800 "" "3" "edge2"]
	ElementLine [-38800 18500 -38800 16500 1000]
	ElementLine [-19400 18500 -19400 16500 1000]
	ElementLine [0 18500 0 16500 1000]
	ElementLine [8100 -14500 10100 -14500 1000]
	ElementLine [8100 -16500 8100 -14500 1000]
	ElementLine [10100 -16500 8100 -16500 1000]
	ElementLine [-50900 -14500 -48900 -14500 1000]
	ElementLine [-50900 -16500 -50900 -14500 1000]
	ElementLine [-48900 -16500 -50900 -16500 1000]
	ElementLine [10100 -17500 10100 18500 1000]
	ElementLine [-48900 -17500 10100 -17500 1000]
	ElementLine [-48900 18500 -48900 -17500 1000]
	ElementLine [10100 18500 -48900 18500 1000]

	)
