
Element["" "" "" "" 440551 298819 0 0 0 100 ""]
(
	Pin[19400 0 11000 3000 14000 4800 "" "3" "edge2"]
	Pin[0 0 11000 3000 14000 4800 "" "4" "edge2"]
	Pin[58770 0 11000 3000 14000 4800 "" "1" "square,edge2"]
	Pin[39370 0 11000 3000 14000 4800 "" "2" "edge2"]
	ElementLine [-10100 18500 29400 18500 1000]
	ElementLine [0 18500 0 16500 1000]
	ElementLine [19400 18500 19400 16500 1000]
	ElementLine [-10000 -16500 -12000 -16500 1000]
	ElementLine [-10100 -17500 29400 -17500 1000]
	ElementLine [-12000 -14500 -10000 -14500 1000]
	ElementLine [-12000 -16500 -12000 -14500 1000]
	ElementLine [-10000 18500 -10000 -17500 1000]
	ElementLine [29270 18500 68770 18500 1000]
	ElementLine [39370 18500 39370 16500 1000]
	ElementLine [58770 18500 58770 16500 1000]
	ElementLine [66870 -14500 68870 -14500 1000]
	ElementLine [66870 -16500 66870 -14500 1000]
	ElementLine [68870 -16500 66870 -16500 1000]
	ElementLine [68870 -17500 68870 18500 1000]
	ElementLine [29270 -17500 68770 -17500 1000]

	)
