
Element["" "" "" "" 12600 18000 0 0 0 100 ""]
(
	Pin[19300 0 11000 3000 14000 4800 "" "2" "edge2"]
	Pin[38800 0 11000 3000 14000 4800 "" "3" "edge2"]
	Pin[0 0 11000 3000 14000 4800 "" "1" "square,edge2"]
	Pin[78300 0 11000 3000 14000 4800 "" "5" "edge2"]
	Pin[59000 0 11000 3000 14000 4800 "" "4" "edge2"]
	ElementLine [0 18500 0 16500 1000]
	ElementLine [19400 18500 19400 16500 1000]
	ElementLine [38800 18500 38800 16500 1000]
	ElementLine [-12100 -14500 -10100 -14500 1000]
	ElementLine [-12100 -16500 -12100 -14500 1000]
	ElementLine [-10100 -16500 -12100 -16500 1000]
	ElementLine [-10100 18500 -10100 -17500 1000]
	ElementLine [59000 18500 59000 16500 1000]
	ElementLine [78400 18500 78400 16500 1000]
	ElementLine [-10100 -17500 89900 -17500 1000]
	ElementLine [-10100 18500 89900 18500 1000]
	ElementLine [89900 -17500 89900 18500 1000]
	ElementLine [87900 -14500 89900 -14500 1000]
	ElementLine [87900 -16500 87900 -14500 1000]
	ElementLine [89900 -16500 87900 -16500 1000]

	)
